7177
4903
-8026
-6970
-3146
-6454
8866
-7135
-9510
-3435
-9052
-9763
7459
-9761
-9271
-4235
5627
-8120
-5685
-4429
3035
9412
7307
7287
4009
-9140
815
-305
9644
3740
3629
5203
5219
872
8698
-9418
6277
8116
-3620
1368
-8605
-9783
-3610
-4410
7944
9423
7980
2337
1205
6448
-6516
-6318
8944
9262
5545
1534
5021
-8944
6218
-4640
-7036
-4248
-5411
4196
2185
-6
-8864
35
6911
-8836
-7735
-6821
-7583
-6796
-2654
-4614
-1264
-4694
-852
1500
-4444
9784
9965
5245
-5218
-4820
-2928
3185
3800
-2432
-5450
-1664
-9247
-6968
-3696
-9526
-351
-4087
-9437
6805
-8554
-4599
1504
6704
-9562
38
9827
-7048
2702
920
433
1693
4199
8216
-1787
1998
8525
-9794
6486
-1066
-9204
9690
9624
-7706
-2074
2484
-785
4083
2029
-6426
-8780
9863
-7785
-499
3511
-4408
1968
1116
8788
-9731
1037
3528
4734
-1918
860
-9148
-4551
-4738
1574
-8188
-3146
-7773
-263
-5592
3012
-6932
2515
-3701
8498
664
2864
-222
-7688
1132
-9233
2438
5378
-9045
1272
2317
-1595
5140
2105
8638
-8653
-6039
-9637
5325
3179
1384
-6323
178
-8550
-1295
-1825
-7536
-3703
-837
4188
2585
345
-336
-7259
-7777
-808
-9444
-3905
-3142
4151
9480
-5677
1839
-822
8724
4385
5881
-1822
-2116
-6875
2818
-7442
979
-1757
5548
6197
6133
1027
-3692
-3148
-7812
5463
-6331
-2743
-5861
-3423
8713
-2128
4104
-3534
258
9603
3490
-4191
-755
-5040
-8557
-1132
-8011
-9505
-7082
8955
5771
-6567
5023
-3656
3664
-4188
-9361
4439
-7176
3394
-8971
-4081
7946
-5405
4214
7655
2395
8629
-9992
7974
-1826
2299
5245
2581
2944
-5835
-376
7170
781
-7381
7856
-290
430
7782
-5261
8366
-7857
4616
296
-4458
-624
-7560
-8614
3584
4328
-6464
-7973
-2642
3425
8255
7415
7018
3943
-2788
-3873
7061
-8765
3569
5300
401
-4006
604
-309
-2630
-8560
954
2354
9924
-9095
6411
-1334
-6902
-6889
-1322
-4623
5743
-6959
8597
316
-899
-610
-9956
462
8801
-2047
9215
1464
9128
-7433
-3482
-3421
-6481
-8821
-9293
-2383
6932
3836
8570
7050
7571
-2755
5458
245
3959
8378
1998
-8460
1992
2984
5960
8971
7707
-9798
3027
6505
-1398
-7179
8722
6928
-8671
5626
3345
-6486
2389
-7842
8474
239
-6665
-3520
5554
9103
-9975
-7876
-7414
-1024
5032
2072
313
6530
980
-2805
-3778
-186
-7578
-313
-2095
-1161
744
-4987
3630
554
-8924
7002
2383
8883
-1834
9615
682
6129
2793
2336
5434
-2218
-3694
-4769
2477
-1605
-743
8074
-9884
8112
-1403
1544
6799
-4348
93
-1906
-5327
5428
2862
-295
7992
4223
212
6316
-6362
-7339
-255
-1833
-356
6678
-549
-998
-3190
-5910
-4070
8312
878
6968
-7156
8551
-6718
2721
-3918
-9311
-4928
2694
-2766
-9011
9438
2367
4759
-4120
1599
3546
3787
-4289
5545
2412
-2367
3901
-287
2716
2891
5058
470
-688
3994
-9922
-3687
-8899
-9109
7547
-8696
-1322
2634
9887
-9076
-9700
-1831
4879
-6935
-2684
7245
-333
210
5077
2276
-9521
8165
-7805
-7577
-67
-7377
-8005
9495
8675
5745
-3003
802
9893
6935
-8167
8775
2633
5162
3674
-5807
-3016
1051
2794
9581
-6216
-2827
-6619
7533
-4582
6973
-1119
-3098
-2421
-4565
-2201
-65
-8001
-963
-200
6626
-5071
2030
7941
5896
-771
-404
6550
-8884
7718
-4792
891
8541
-8936
1968
-6671
-1753
1104
-567
4889
3732
7706
7856
-6614
-9212
-8871
-10000
2845
7231
-4568
-8133
2478
6472
7233
2191
-9112
-7585
-5687
-5132
-7095
459
-6931
7827
3629
-7174
1803
6623
550
-4302
-8578
4425
-48
7340
217
12
1714
7205
185
2939
6757
-3009
-8003
-9913
-1030
-6339
8785
-66
-5060
8486
619
-8494
-8555
-3905
-4933
-8772
-276
-3916
-9725
-2190
7565
-9052
-8403
-9670
-6742
5029
8977
9118
-3178
-3205
6553
2512
-2689
9735
1918
5828
4201
1101
-4867
-1944
5734
5174
4966
-460
-1273
-7115
5236
6917
4156
4200
-6740
-7198
6426
-926
-5599
-2196
-4120
-1307
4215
-6826
-7815
1880
5996
-2973
5311
-9952
6666
3213
-5338
6129
9752
-6386
6263
-2899
-2122
8137
9366
-7427
9282
1216
-6512
-5899
-2231
2092
732
-2605
-3704
6571
-7405
6095
338
-7401
-929
3181
-1519
4208
3385
-1791
5874
-4975
9419
7898
-4568
-5344
6208
996
27
-7522
-7387
-1810
9347
306
-3273
-5713
4808
1437
143
-2458
-4055
-5190
-7073
-6686
-1178
1298
-5175
-1827
-6714
5928
7623
-4639
-1868
-567
-1703
-6159
9740
8836
-683
8706
-470
-6461
-9625
-9903
353
-2807
6221
238
3361
-4182
-3691
3783
-5142
8974
8343
4875
6665
7788
-8676
4697
371
-7931
-6399
1990
2930
-9382
389
9640
-3242
-2486
-1254
5536
5781
6959
6913
-1611
-4834
4543
3141
517
6625
-9110
9650
-3196
296
-8882
9377
-3761
7324
-2642
2987
2991
4478
-9628
53
-4459
4922
3283
8440
-980
-8463
-9095
4543
-7546
3703
-2557
1512
7638
-2302
-4932
9687
2543
-6323
-2942
5801
7697
-9700
-4535
-7261
1926
-6291
2952
8437
8495
-2938
9165
800
2576
5344
-543
9853
-4245
2111
-8176
2388
2757
2756
-2781
-8387
-5846
7872
5541
-134
3095
-7692
-8496
-9418
-9090
-8457
875
5653
2931
-6493
-9415
-1189
-199
9081
9170
-8759
7494
-3090
-6071
-493
-9880
8484
3132
990
-1676
8365
1929
-2187
-8156
-1756
8725
5643
9334
-8990
-5517
9050
-5259
-539
-9357
-7919
-318
-1302
7698
8425
9834
1368
-8750
-9430
-148
4435
-8458
-52
3157
-8247
3506
162
-4
-2374
6873
636
-8046
4818
-9865
5259
3133
2124
-8029
9393
1700
-3692
-425
4191
-8919
4567
-3191
6641
663
7932
5380
2705
9817
3367
6221
-9071
-8205
4611
1355
-3401
-1061
-1122
-1206
2642
-7407
-2417
-445
1404
718
-5141
4707
-6358
5785
-530
-3368
-5805
-5351
3437
-5415
-3199
8606
-690
8608
5392
-1549
-6838
-2921
-5741
2671
-6200
-9706
-8154
-2913
-2793
3066
-8669
-6694
2464
-3521
5379
-7028
-341
7809
-1809
5324
5934
-8012
-8264
4472
-3910
1956
-1464
-7318
3873
-5698
9242
-7240
9451
-5560
5528
-9970
-6363
-1627
-9193
-4536
7314
4225
-519
5521
-6130
-2593
25
4319
8776
2957
559
6661
-572
-5141
7878
7441
-5554
-8756
-5122
1091
386
662
6286
-9053
-3976
-3810
1695
-6525
-6770
-556
7212
2104
-6845
-7035
-8264
4041
-5923
-412
-1340
2818
7858
9505
-8115
4976
-2421
-2078
-7945
8191
1336
3602
8159
-287
-1772
-7356
8426
-1127
6870
6727
-6041
1784
5085
-5082
2052
-520
6960
-5859
3615
-6488
7819
-8883
4545
9919
-8525
1047
6667
-176
2431
-2342
8820
-1732
-3867
-9571
-5763
9577
6626
8986
-2537
2891
-4268
2715
6293
2657
-9086
-8383
9351
-2666
3203
-1566
-9702
4829
-9
7362
-7428
-4873
4193
-6084
-648
2149
-4481
2224
549
8539
6654
6860
8521
-468
9075
-4836
-9831
-587
4243
-7049
-8866
4039
685
420
-3190
-9044
-2232
-6059
3161
7441
6230
3061
-9755
-5836
3450
-9104
2931
-4810
-1752
-5958
7746
-4067
-8282
-4977
2140
-9897
1169
-7843
2411
3237
3528
2532
9868
-6471
2756
-1006
-486
-7639
8807
-1693
-2449
2193
-5028
-202
6444
9579
-9789
1151
-2882
-4931
-3130
-1595
-2640
-9023
-5404
7479
-6009
1058
-130
3563
-6198
7859
-5435
-3495
6052
3751
-4805
5628
-1736
-7568
-9126
3277
-3750
-6780
7119
-5618
-7121
677
-816
1597
-5328
445
-7616
-3196
8883
-8741
8749
3608
5203
-8903
-5288
366
9110
6456
4439
-2269
5415
-890
-8130
5781
-2310
2810
-2718
-3892
-4565
9058
-9313
1298
-5835
-8213
-7743
9983
-5021
851
-3117
7739
3142
-9208
3107
7066
7315
1843
9553
4678
-7445
6718
-1940
-1837
7529
-8810
-4001
-5504
-5034
-7480
8345
9268
2949
-5387
3451
-5779
-2763
-8246
142
1916
9965
3201
9241
-2348
3271
-445
-1848
8994
-9005
-7814
8214
-8455
-617
-3020
11
-951
-300
5782
-274
-5910
4135
1322
8844
-9505
2791
1847
9888
619
-2626
2351
7570
5883
5377
2757
-2416
-3996
-4686
-2309
-1743
-9899
2528
-5839
4686
-8836
3736
-376
-8858
8710
-3255
7919
-9771
-9879
-6363
-4412
-6819
2833
-7849
-4035
4529
-4100
1834
5863
-8784
7955
8614
7909
-6280
-7461
3030
1263
-6897
-1826
925
-7177
825
4424
-4922
7785
-1821
-7827
4525
-2120
-4736
-5562
-603
-3082
-8363
-1943
-5700
-8068
-6349
775
5171
-9211
-5460
5260
-6768
-1722
9931
2025
-2265
-7538
-7572
52
-4029
9472
-4613
-455
-8368
-3858
3521
3431
-674
6835
-8809
1388
-534
5934
-3631
3460
-8727
-4275
3775
8815
2749
9952
5314
6598
-3947
7821
5976
3449
3666
1101
6718
2474
-94
9282
-632
3495
9983
510
2394
5595
-5421
-3252
-1700
-5294
-7682
1756
-8038
-7154
7516
-6311
6762
1850
-4783
5301
-1098
6307
5125
-9171
-1778
7499
-6179
-8945
-2382
-9059
-6810
2614
-5544
8254
5199
-8770
1839
6255
-1902
-138
-1277
8754
6944
8754
650
1573
-1172
6364
9328
-8856
7598
-4470
9868
-4979
6419
-1112
7888
-5611
5121
6479
-9035
-5275
-4757
-4589
5016
7991
1639
-1657
2552
6891
-5204
8298
6684
2703
-3625
-9737
-9572
-3442
-9032
-4824
7700
-3236
-4892
-471
-6085
-5768
7620
-7285
67
955
-996
4408
-4493
-5683
4580
-8417
802
5870
-6703
7454
8946
-9456
7984
774
4552
-9886
7063
4859
8065
5765
-9274
-1450
1571
-5437
7090
9159
5161
7050
832
-2652
4646
-1847
-621
-2136
-9555
-8579
-3163
-640
-4094
5267
-41
-62
7521
-4339
-9140
3360
-7808
-6115
1073
-891
-9613
-3812
-9867
-1831
-7703
1632
72
9947
7414
8406
9691
6523
9657
-9957
-6052
-4682
-5072
-7806
4147
-5346
-8374
1060
4806
6329
-3560
2332
1699
-3766
5109
-3053
3617
-1247
4884
-1493
9389
-5970
9231
6478
1200
5796
5575
7811
2092
-5464
5916
4499
6803
-5547
6490
4064
-9543
-5154
6550
-9561
6441
-111
-4079
-7537
5059
-985
-296
3671
-6907
6194
2272
-5417
-6417
7397
5058
8749
1494
5338
2312
3432
1251
-9348
-3704
-3234
-8273
-6583
1732
-497
2762
-7673
-7466
-9949
-2359
4294
6288
4076
-9521
4101
7996
9248
5984
8024
2692
-2380
-4390
7384
7013
-1392
-6621
8452
2437
3172
-2320
1447
-124
1925
-7582
4776
-8512
8917
-7640
2370
2173
-8574
9934
4756
6846
-8008
-8687
7279
1022
-4668
6398
-2306
-1057
-6911
5661
2131
2088
-3405
1447
8105
-3108
-9567
1894
2779
537
-7417
4440
7023
-5008
3668
-9929
-6469
9384
8222
1272
4559
757
-4510
-8325
-1062
9229
9032
-5759
-3983
-6857
-1586
-3327
-7370
-4135
4734
4530
4030
-5808
-8428
4192
5127
6775
6808
-6745
-9895
8423
-7596
-1614
7732
-4628
-111
6535
4835
-7847
-9658
8917
533
4809
8686
-1525
7967
-3330
1750
1279
-948
-8594
-264
7031
321
-7759
2955
3738
5707
4133
-4760
-782
3806
-8350
8507
-2198
-678
5852
-1186
4233
-2215
8865
1777
9081
-74
5288
-7678
-8875
829
-7725
6451
-8219
-6981
4758
-2574
-2679
9667
-1398
1122
-7788
-4727
-5624
288
8959
8351
-9989
-9609
-5628
-2295
510
-8238
-7067
1741
-2425
-9018
-9306
-112
-4524
3712
-6374
3337
-9916
-1214
8032
3008
800
1282
-4594
8106
8406
-1803
1099
-3025
-7326
-7477
-4748
-5428
-7902
-2690
7847
9000
5187
-195
-1164
-6309
-1779
-6876
-8751
8610
5565
9990
2732
-7920
1485
-9628
3405
3738
-5192
-1075
5933
-7880
-2004
9072
8044
874
-6510
8572
-2882
-4139
26
5697
4198
9899
-4089
-897
-402
-3458
5018
6222
4049
-8797
-4810
-1534
-6070
-3258
1440
7442
3707
3353
9868
8032
-9612
2904
-8305
-575
7215
-155
-2565
8083
-1031
-2718
8060
-4856
8901
4415
8460
-2327
6888
-1212
7820
2133
-9934
9425
3647
5517
7807
276
-7032
837
-608
-6363
6134
8533
-3360
-1516
5257
5389
1199
6897
1360
3606
-1177
-3520
7863
850
-6032
-717
6182
-1652
1799
-9408
6527
-8881
-3197
-9600
-2574
7574
-7001
7759
-3779
-4799
4140
-2054
8835
-4786
-7800
9350
-7169
1515
2537
-6673
-6249
-9875
-5723
9071
497
-3511
2106
-5024
-7390
4942
1313
4281
8851
8702
-7428
-9678
4859
-8788
-933
-9647
-1723
2798
559
9268
9640
-2153
5799
1561
-3980
-4107
-6818
9686
7687
2415
-1796
9011
-7010
1162
-1629
-111
-2973
6980
-9989
-5323
9828
2866
-7315
9710
-182
-758
3935
1182
2624
2573
-7385
451
5047
-4360
1447
-5555
-9772
3112
-8353
-5070
3105
6133
2871
2900
-7182
-9580
-7190
3352
6257
-3160
3678
-4690
-6246
-889
8791
-6971
3481
-1907
-8358
6825
-9550
-1468
-9053
-404
8706
3531
5926
-1625
3527
-1327
-9057
-6020
5554
-3125
1625
1053
4871
-2817
6184
-7027
-5225
-5365
2157
5315
-9874
-9409
-5343
-6215
7522
1271
-4120
-7393
-7
3264
-281
8715
3505
3311
-8696
2363
-6708
5919
6127
-9261
-2915
-3715
4786
-2206
7317
8495
-7834
5362
-1239
-7154
-5282
3216
-140
-2891
7921
7811
5239
-1991
9911
-6862
5101
-9842
-6218
6339
5615
3259
-5402
-7797
1381
-6836
2338
-5057
6050
5524
2980
-5961
-2111
7223
-8183
-492
8667
-6400
9298
2640
8906
8346
-527
-887
-7984
4837
-9896
-5078
9098
-4494
3916
-2683
4244
4947
1848
2422
6647
-1540
-8550
-6415
-4454
-1142
-7026
-8846
-5166
-3645
-3479
7424
-6113
1004
4649
5978
-2731
-5549
9271
2165
-1233
-4123
-8404
-8579
2942
7824
-9629
-4321
9855
-9025
-8543
8442
8844
-5429
3578
4743
-7156
-9438
6942
-8695
2045
4492
7080
-7165
-3576
-618
-8022
2366
-7732
-2402
-6215
9437
7428
7327
-6639
-2104
-8065
-1824
6139
-5843
2349
8406
8618
8660
888
4367
6856
-6091
9055
8522
6797
5782
8733
439
5890
5701
420
4733
-5543
-1328
8325
-1206
3394
-3021
7186
-6829
-9595
1631
3781
3055
-3588
8420
1273
-3669
-224
-2549
-8651
4947
9221
-5389
5521
5975
-2935
7548
-1772
3718
-4853
3272
9857
-2021
4537
3131
-1870
6968
-2787
-482
-9577
6112
-6970
9692
-4896
-4237
-8041
-2227
-4519
6011
-7348
-1708
894
6574
2117
5857
-4107
-2811
951
-732
5947
522
6288
2940
8756
-5764
-9640
9432
-4321
977
5917
-177
-8000
-5538
4886
-97
4722
-9580
-8368
-5374
-9813
-6280
4206
2855
9822
406
5507
-5154
8164
2631
-7947
7064
-6480
884
5859
-8216
6439
-7783
-7049
5960
8674
6250
9494
-2008
7693
-8799
2752
-6495
8507
-1524
3844
-6239
539
-5570
2271
1105
1606
7680
-407
6493
1989
-6907
1371
-5830
-3904
-7789
3240
-6497
-1862
1762
-1435
-5425
2894
-5925
-5406
-5681
533
-979
8201
-7585
4771
8538
-5067
7611
6195
-5598
-4864
6758
9984
809
8013
2993
-3706
9530
7785
5312
3454
1999
9672
-8593
-9851
3686
5925
-5134
8971
-6679
2109
-4574
9104
9495
500
8637
3709
9022
-5999
1302
5218
-9013
-7128
3034
5795
310
-5994
6644
-2776
8965
2111
2287
2
3493
-2729
4568
-837
-7833
3729
-8500
4796
-5983
-4415
-2831
-8624
-7092
-6000
-8426
9309
3897
8179
-3556
5943
-437
7199
2592
-3466
3057
-8587
-8650
8013
-6238
-1938
-611
483
1012
-9588
4727
3256
-8060
-8611
-4299
527
9849
-7133
-6190
1073
317
-2284
461
-1252
4957
7242
9033
5168
6051
-3802
-3797
-8666
9693
5207
-4463
7853
8209
6858
8614
5343
8399
-4319
-4443
7634
-5506
4811
-1878
783
-7064
1609
-7514
-4703
-9812
4728
1591
8874
1208
-6351
6715
-881
8133
3517
-6349
-7909
-2788
-3568
4636
-1167
-4115
3964
9779
5979
-8475
-4272
9792
1871
8762
8472
586
4157
-627
-5312
-8816
993
9574
-7235
4567
-4639
-2210
-448
-2348
-1201
-5658
-8457
6890
-6039
6769
-2599
-7350
1921
-2787
-5495
-9727
-6990
-7383
-7880
-2664
-8039
4762
1258
4680
-6020
-8172
-193
-2821
6392
8521
7199
6706
-2720
4728
207
-9320
5599
-9815
9630
1206
8
5568
2321
1989
-837
5701
-4262
4403
6414
457
2406
9780
6083
8372
4239
5046
8607
8447
735
-9648
-8988
-8238
5851
-7843
-3308
-6868
9268
8487
7794
-3147
7195
-2899
-5416
3889
-4870
-8288
-1423
-9160
-1684
-570
-8707
3376
4505
5767
-6106
6819
5382
5605
-7752
6553
-3656
-8309
-4040
-7845
7737
-955
-3768
3469
-9622
-4745
6146
185
6415
-3710
-1006
-106
3444
469
1201
2468
-1023
4827
7457
1928
5884
3272
-6346
931
9754
-9474
-1398
2015
-6303
-1796
-6537
-4084
-9053
6528
-6889
-6754
-3165
3439
4322
1740
9212
-4528
-464
-4808
7451
5110
3165
5961
-192
-658
7581
-5988
5568
-7318
-9467
9104
-7479
-9293
4621
6523
9589
-5477
-2907
7736
-7126
3422
-1044
7383
3590
3477
9624
5333
-7417
-6780
8917
8586
-7537
-1135
-8367
2506
4738
-2638
-1492
8398
-65
9335
307
-3938
1953
5475
-8467
-3702
-2658
-8223
3947
6734
1586
-2222
8001
5237
-3269
-686
-5125
822
-9645
1866
4193
8514
-2840
2247
-2516
6574
3106
-3906
-821
3743
-8785
-8242
3419
6356
3356
502
4830
-5507
-7818
4851
7837
-1650
708
-7884
8757
6468
691
-6984
1751
3128
-8948
-4068
-5349
4020
2288
-1479
-4007
5690
3245
3866
756
8405
7299
-3340
1028
1203
5677
1793
-1077
-3079
-6085
679
9986
-8559
-1891
2813
9077
8294
2961
-944
-9756
9437
-5120
-2581
-1602
-8922
6581
-9003
2653
9105
2920
-7448
4578
-8474
1014
-2900
-5263
-6107
-314
8449
-9515
-5258
945
2116
2611
-1778
-1433
2318
5732
9528
6284
8681
8616
8600
-8404
-6437
2245
-8921
7559
4570
-7504
-3215
8469
-8283
-2689
-1161
79
-487
-6432
5350
-8086
7174
6448
-4704
-2145
4116
-9399
-4680
3179
6527
7648
-5081
9995
8994
2572
-5379
-9616
2797
9190
8656
-2225
8762
-8423
-5549
-6326
-9355
-6463
2896
3150
-9470
-9140
-8997
-7309
594
-1430
4883
7360
8253
-9636
6842
-4726
3982
-7757
391
-5404
2585
993
-5245
7189
-5067
5613
3629
-4006
1917
-5916
-4246
4752
459
-773
-9252
4811
-2509
-2611
8758
-5719
-9698
-5953
-225
-7617
9828
-6915
-1573
-3272
-6349
7456
-860
7586
2461
-9637
779
5253
9067
8214
-8910
8234
-5833
-8651
13
9471
7360
3915
-7042
1841
9830
-3725
6994
7246
2237
2206
1535
4470
2785
-2821
-3291
552
-6965
4342
5020
8223
8580
-8622
-6955
3567
-1298
-1347
5802
8508
-4732
6220
-4810
6797
4732
-5128
-5452
5752
4547
1825
6929
-2502
3063
5738
6915
7839
7195
-5154
6939
7174
5181
-7786
8015
-8855
9914
6187
3723
-5810
2137
-3180
1935
1841
-7531
-6449
-270
-3508
3725
-8881
3489
1903
5028
3482
9021
7610
-5526
-4262
291
1751
8830
2569
8788
-9133
-1021
-772
-3312
5211
1586
-5892
6660
5477
6987
-5312
-3848
-7158
-5694
-9693
-3008
7917
5884
-5641
-4309
7983
-7699
2192
-8489
-7912
-3186
-246
-5772
7063
4098
-2901
2846
6940
-3730
-2749
-6269
2246
1668
3752
9601
-3858
-2983
-3804
4572
-8214
5322
9663
-2259
4271
-8766
-9361
2741
9187
-3763
-334
-9195
-3884
-10000
-1905
-8031
3722
2973
761
-6445
-7126
-9189
4837
9150
-9369
-5104
518
-3860
-7059
7434
2051
-7479
-2059
-5097
2565
2587
-1692
-362
-7771
-4342
8464
6867
5949
-3631
-5085
-5969
-4840
1015
544
6749
-250
-9347
4752
229
9605
-1278
-4409
8158
4746
-5850
-2894
-6387
2783
-2191
-9795
9745
9456
2256
768
4615
-2070
-6015
8487
-7088
-2563
-9574
6023
-32
-4649
-6893
-2498
5346
1906
6410
-2126
6062
7817
-8887
-6597
946
-8133
8286
4506
-1356
7398
-1305
-8161
3216
539
-5525
5879
2799
-9712
3399
-493
3890
-1733
-9108
-4035
-691
8008
4112
2439
-4362
2814
-3866
303
-4529
4613
2122
842
-7453
-2210
9234
2310
4973
5913
6442
4833
-7425
9417
7903
-8238
672
-4079
7205
3789
9083
8567
-9289
-9754
6898
-4822
4373
218
-9727
4868
3754
-4503
4717
9767
627
-8133
-3889
-8726
6556
6004
4708
1801
314
4194
5010
9425
-5216
-6699
1120
-521
3917
4052
-4519
-1365
9096
-2913
6679
-5945
-2184
-430
-2869
-3441
-5120
-2343
6984
-5779
4345
-6755
-2193
3272
4378
3333
-5803
9714
-4804
3059
-6185
4140
-9334
-8246
-3890
1367
7965
6725
1261
2331
-4535
8522
-943
-3322
3129
4353
-5331
4435
-7741
959
6240
-5927
-8544
8526
1029
1762
-891
-3802
5444
5881
-6026
5625
9009
715
-354
4736
-9576
-40
-5935
-1134
7988
-5610
1721
8652
-727
9405
-7209
-4305
8908
4477
1795
-4145
-5114
1665
130
-2344
-1891
-9770
9042
-3501
-823
-7564
-382
6959
-4485
-7755
-5767
3984
-3374
4416
4941
-4947
-1090
-858
4242
5758
-9781
-6900
-1447
-7272
-5310
-3895
9815
7734
3593
9806
3163
-4483
-548
5332
-7214
5697
-8972
2001
-9098
2179
-4864
-8543
2398
3756
-9512
4912
7608
7707
796
6221
-8450
3744
-7132
-5921
-1754
7953
402
1854
-1276
4342
9653
6844
-600
9513
-4113
-1234
-5194
-4393
2827
-6196
-3388
9921
6273
-3862
555
6790
8202
-3303
2656
-1549
-6979
5353
-4679
-6400
4832
-2638
9834
-8250
-6420
8437
2076
1727
-348
940
9600
3800
-9649
8290
9184
1130
8343
-3254
-3957
-6526
409
2896
6998
7117
-4236
6664
-150
2699
-5631
8778
-8236
-3381
-6033
8215
-3309
7778
6700
7106
-3246
1237
-9735
-69
-2606
-1387
-2495
1809
3821
1617
-1075
7808
-3328
-6733
7256
-3279
1195
-6056
-1098
-9575
-2728
-5333
9509
-8466
2251
-9527
4939
9108
-6765
7868
4329
-4459
3207
-9602
-8912
-3033
-1771
3976
-9706
-9987
6570
-1917
-5314
303
-1014
3501
-5932
-6529
3938
5435
9698
-8387
-7352
-3644
2554
1564
-6941
-6045
-7469
-2069
-2122
-2214
5706
8056
2126
3325
1285
-9144
9869
-2337
-3806
-8845
194
-7357
783
-1862
-2594
6956
-3552
-1323
316
4108
-339
-4516
-6861
-7433
-1741
9935
-3512
-3982
146
6454
1405
4086
-2550
-3757
6215
2591
3419
1363
1528
5336
-773
913
2421
-6134
-6132
3170
4442
-9373
3685
-2736
6665
3246
541
1328
5751
2942
-4648
1481
6507
-5098
-3783
3307
4803
1408
-8439
-6479
-4509
-2119
-8277
-2700
6253
1722
2153
-6521
-6920
-4841
-865
-8671
4499
5633
5708
-6551
-8989
-509
651
-4973
2510
9582
9914
9920
6864
-5684
-3213
1072
2377
-8114
9833
3056
4789
889
-833
-658
5418
-8868
-6444
-2166
-9644
-3984
4795
9192
6928
6511
-3853
2524
-3403
7925
-7337
-6516
9544
8971
-7797
-5408
-8051
-7828
7758
-4576
-5093
-5953
5588
-3942
4084
8145
-7856
-697
-2663
-7393
8670
-3915
7789
7648
8833
-2202
2115
2990
-7814
-8337
-9130
4553
-6457
-8890
8167
428
-1350
-3771
-2693
277
-4642
7814
1503
8338
4352
-9797
638
1179
1002
-400
1906
-6884
-8367
6053
-5007
-4864
-962
8410
276
-4963
6166
9710
5124
6753
-8811
-3973
-6935
1181
-3499
-5735
1710
-1314
-4562
-7847
3540
2481
5756
9656
6061
-5747
7722
-3462
-123
8328
-6256
5500
-8768
8256
-8670
7232
2527
-4552
-8320
-2599
339
-6309
8734
9565
-2275
-4511
-2433
-4008
-9274
95
-1264
-1033
4273
-7266
4974
-5082
-6360
-9378
-8101
-9103
2269
-4390
4877
-9815
-1449
-3315
5634
3009
2245
7013
-5162
-8659
-9334
-7285
-4109
-4841
4080
7480
-7259
-7172
-2509
9514
-6642
-9422
-566
3163
2467
-3490
-1403
-8560
-4163
2826
-1100
-4688
-2779
-7932
7408
-3953
8111
-6565
-5028
3040
9444
3484
-9458
-3481
-3799
4362
6287
9153
-4027
-6353
-4412
7853
-7100
3688
5700
-6937
8037
-8164
-2788
-392
-270
1504
-1811
4587
-9073
6709
610
9358
2871
1568
8557
644
7614
3625
6224
-8682
7538
339
-1885
-323
3704
558
-7330
-4742
-467
438
9880
1747
-5712
676
2842
2227
4643
9733
-8106
321
686
-4886
3038
5151
-7744
-6114
4057
6910
-6912
3940
-9702
-1809
6679
3658
5775
-6388
-7271
3384
-715
-5552
7674
-7111
-6888
1879
-438
6139
-6265
-216
-2104
-5401
-8899
2622
6419
9438
-4969
-1472
-8070
-1406
1939
9075
-6522
-9476
5882
7853
5465
1304
-4197
-2318
-3916
8983
-3348
2862
-400
-4221
9859
9794
-4536
-1283
3144
-7760
1663
-7197
-6921
-3372
-3472
-5906
-3956
-9557
-4573
-4719
-1021
-3391
2387
4240
3394
-4456
1912
4787
-8869
2952
9300
-8100
-5805
3402
4550
-2400
9197
-2428
2978
6969
2094
-5039
620
-9904
-849
-7842
7590
-2244
-3815
2818
5139
-2680
-7160
-752
-4153
2886
3991
3098
4485
-3846
8863
4913
6777
7370
-9166
-223
-7836
4522
-7184
-5740
7054
4953
-8337
8357
-1290
-7088
-5472
662
-2190
-3923
-1626
-2365
2710
1271
-5479
3532
-7331
5278
3260
2445
-5869
9353
7065
1776
-8865
-4692
6799
4455
-6249
-5418
-1142
3093
3636
-473
5870
1888
-8162
-4600
9389
-6666
7169
4264
2617
-7136
-8313
5379
7635
3892
-957
-9000
-8036
-727
3823
-4411
3050
7269
1972
2001
4597
-5283
-1888
-9550
-6896
-6388
-1467
-3389
-4312
7542
1702
1663
4552
790
-11
4483
8615
-2983
-8737
3815
6897
4981
3325
-6635
-4622
-1549
-5426
3645
354
-8221
6512
5131
-4847
-6222
-7351
-2693
-4496
8854
1715
2435
-8838
-1020
-1980
5338
7633
-7638
9429
4879
-5555
2480
-1235
-6598
9613
4330
937
5359
-6597
3771
-4104
6624
-6019
8313
5228
5886
-6719
7499
5918
6846
6753
-547
-1316
960
1027
1829
9012
3343
-7601
50
2514
-5457
2601
5233
4503
-3079
-7735
-739
-7590
-4205
-9609
-7662
-5871
3096
307
6156
6485
-7486
3445
-3551
-8690
-6088
-3995
4600
9422
-1089
-766
2711
4357
-8457
-3674
-2574
8038
3621
-1491
695
6953
-518
-5448
-5285
-8986
9327
-494
-42
-1405
-7364
278
9708
-6723
-139
-6233
2700
-7021
918
-4119
3730
3545
6365
-6064
-6397
-3915
9799
1882
-4711
-2146
6389
-8528
-4340
-7170
-37
3557
3270
9940
540
-5772
-7494
-557
-8035
7897
4446
-5223
2598
633
-3835
-6787
-1959
7165
5157
4836
1440
-2309
957
-2702
3398
-8301
-9935
4538
2888
9815
2926
3806
8905
-3934
1287
-7283
-9180
-2213
9294
8941
4890
349
-1754
-3036
-7174
213
-1212
978
221
-5287
-1719
-7641
4448
3877
1375
-8820
3966
7143
8246
-8380
-6369
6208
9575
-1473
8475
6440
-5568
-5969
-1663
-9295
4936
-7155
2293
-2307
-6039
6980
-1785
3775
-8418
-7337
9998
-5905
995
-8479
7802
-3869
-5094
-7178
-3041
5480
-2821
8804
-2140
-835
2971
-7044
3444
7290
5199
-3744
7138
9022
1647
7439
1559
7578
-1559
-2715
2687
7275
-6072
-7278
-2145
-2150
-4984
-5385
5366
-7753
-1608
-5710
2057
-9262
-7869
9931
-776
9765
221
-3247
-1422
-461
-4253
-2171
-5377
-5545
2010
5118
-337
-3812
-8289
781
883
-8836
767
-6405
6113
4709
2367
4320
9657
1180
-8451
-6635
5477
-5523
-8002
6349
-492
-2801
-9042
-283
5850
8877
-632
7304
-1137
3163
2668
705
3374
-9535
1968
-8776
715
-3993
9368
-9076
1949
4110
8880
8818
-6393
2961
5748
8997
-6371
9835
8446
-5899
6156
-2238
-3525
-422
7663
-61
3211
1959
-3085
-904
-6000
-2315
-4089
-6846
-4478
-7018
-8196
5963
-9272
6762
5492
-8347
1361
-293
8778
-7644
-5729
-7574
-2572
2155
4189
-4424
7844
-9647
4696
-3050
-7566
1399
-5761
2897
9190
-8040
3726
-7511
-8777
-9639
5910
1446
3526
589
-3635
-9769
7119
-7939
1484
9871
6653
-363
-4981
-1074
5698
-8299
2939
-6253
2006
-9699
2951
6006
2029
7261
3275
693
9152
-344
2860
-1567
-4746
-8280
-3143
5805
-7669
-5192
-6336
-2001
-8880
-9761
5227
2894
2996
-3931
-2741
-4802
-4588
-572
1007
-9998
458
-3491
-526
4790
-9423
-6475
-585
-8804
2236
468
-4805
-3449
2048
4144
-4932
-2379
1575
2322
478
-161
3717
-6407
-5549
-4509
9047
7760
-3067
-4267
-2530
-2042
8607
9842
7981
4321
1347
-6423
903
-8476
9947
2029
1405
3016
-5950
-5619
-1489
-9837
-5249
-2550
-9976
-3014
-1291
-8718
-8147
3307
-8839
365
101
4237
-7388
-3339
6750
4334
3026
-8047
9252
-7400
-3158
8284
6973
3223
6714
3893
-4010
1460
76
1838
-9025
-2615
6659
-5880
9089
8936
-4183
-9128
9572
-430
-3337
1974
7038
-4643
6797
2429
-9484
-5668
1398
-8186
-6316
-6611
7794
-1656
9043
-2936
-3321
-7532
1299
-5170
-6737
-2799
-9537
-814
5147
-8923
5774
-8914
-6814
-4249
-6727
9535
3064
2066
-7402
1301
6403
-8418
9249
8123
967
7190
-444
4181
5681
6450
5693
-8802
2989
3136
-7831
-1313
-6086
102
9415
-9863
-3525
2546
4306
5042
5294
-6545
5899
-7366
-2227
1972
-6325
2911
-3619
-974
-1921
6584
-5476
4541
-1183
8667
5196
-233
-7533
-2602
4162
7702
-3546
3326
-4063
8500
-5835
-3670
-4152
-1842
-8366
-2960
-1532
-4609
-1390
5252
4996
7524
-6307
8305
6943
-5143
3042
-6022
-6149
-1983
9243
7129
1188
-3490
-8847
-2068
3516
-6871
-1462
-1201
6778
-5645
-9956
3814
-1042
-84
9727
8876
-908
2709
-2402
-9150
4987
-9587
-1660
-1799
1388
-5825
-7505
8757
-1563
3252
1265
-9677
2770
9855
7464
596
3670
-8267
-1952
5808
-5925
3844
8534
8994
-4003
4487
7964
7041
6222
5696
4662
-1139
-9110
-1400
-554
3621
9859
963
7454
-5295
4200
7185
-2333
-1893
2311
-378
-2605
1495
-7620
-176
-83
8167
-5155
-8824
6046
7748
3789
5542
9529
-5739
9839
7372
5166
772
8228
2614
2152
24
-749
-6426
454
-9333
3622
-4146
6307
2603
-5237
1524
-7936
9221
-8929
1120
-7979
7864
-2761
2687
2999
5208
-6834
-9502
-1269
454
-7494
-6943
-4710
-2141
-4096
8553
7829
-1135
3671
9037
-6548
9512
4617
7993
-2910
-311
1596
5212
-6212
-3969
360
4269
-2558
-3323
8069
6819
1027
1306
9369
8375
-9545
-6184
-6291
-5989
8877
-1986
3384
-5569
760
9245
-755
4598
3474
-3735
-6422
-4090
178
-1764
8585
-6294
312
-9050
3687
5169
7668
3059
-2012
9601
-435
5303
-105
-8469
3800
5555
-3296
-6351
-8960
-9000
-446
4488
-2655
-7696
-5411
-2515
-3327
9751
-9190
-6470
-3683
6096
7291
-9994
8315
1576
8415
-829
3016
7602
-3743
-6381
3107
9888
4266
1505
3255
5792
7758
-6543
3028
7533
-8947
8554
-9091
-1407
-522
1061
4308
6974
-2287
8384
-9116
3380
76
-2295
7053
6231
9826
9061
-5899
9433
-5238
-1527
81
3282
-5165
9613
8538
-1034
9596
-8783
-1985
6499
-1656
4196
5341
-2506
9340
-5107
7997
1165
-8675
3829
-4592
7519
-3314
-3784
-7846
4485
4744
4989
-3141
-2305
1386
-8284
2232
5604
3913
3872
4044
-8176
-5168
829
-3010
695
9175
8442
-4126
-225
1781
5954
2067
-4066
988
-4631
-8380
-4388
-6419
-3378
1115
-9587
5343
-6102
1668
-5423
-4776
-7116
5571
6157
7188
8836
-1732
-7260
-877
-1513
-6838
9718
9849
4293
-4355
-3981
1368
6009
-5413
2224
-1525
-9113
-4346
9957
-7247
6256
7703
-4761
1802
-4771
3904
-8986
-8249
209
-6283
-3878
-3990
-8587
-3824
-3905
5165
2500
-7140
-2544
1762
-4872
2308
-5419
-4355
-8664
785
65
6170
-8148
6380
-8392
4534
-7707
898
-3784
1306
7286
-8499
-1041
2375
-4751
2779
-606
-1678
-7272
6889
5336
3124
-7960
2655
1821
-7496
798
8607
-7108
-6083
3536
-2986
7961
-245
8882
-9324
2153
7233
3111
-722
5284
7171
7756
6758
-1562
-5961
2950
4801
1161
8860
-7162
1118
-828
-4426
6055
7774
-2665
8479
-274
5217
736
2208
-1064
-9247
5127
-1450
-4687
-1792
9618
8121
-2815
7970
-1021
-3421
-4707
8081
-5377
3653
4755
-475
-3421
-5797
9324
-693
-602
1027
6323
-388
5098
-4053
8061
7110
1899
5928
-8729
-2447
-2303
5541
-1324
-3766
2074
-4965
6062
-9481
-7174
5905
3265
-7122
210
8171
-5539
-9474
-2257
2601
-6968
6751
3927
-1219
-1885
3767
-439
-4604
-4323
-2623
952
930
-6699
-6379
3345
-1621
-2992
726
5208
5665
2325
-5397
-6068
1136
7359
-9575
-9670
-5536
4003
4838
-5836
7692
-769
4937
-1248
-19
8219
3110
5264
-9536
-7429
-5837
8457
-8003
-7066
5335
3220
-4939
9144
1998
-2509
2213
1933
-5731
3420
5191
-3957
1702
5465
710
-3508
5443
9998
-2254
3273
-9905
-3129
-8716
9218
8995
-501
-2035
-2873
7317
6801
7799
8180
-372
1452
-5906
-9813
9255
-8041
-4278
95
-5131
-7491
-7688
7953
-8947
3959
-2606
-4429
-555
8035
1033
-4669
-5726
9768
-4763
-3441
-8510
166
7452
7227
5849
-9580
-9976
849
5972
-7378
1434
9207
6628
2344
-848
1710
6332
1416
-7309
3204
-396
-3959
2148
4146
-1193
1733
-6790
2208
9305
-7164
2114
-6349
840
-4096
2241
6362
5923
-1210
-2289
9734
9236
-1378
-1138
7174
2734
-1976
5142
4789
-6632
4933
2067
6583
-6811
-3206
-6227
4849
-179
6842
-2145
6277
-7057
-8257
-5249
-117
1095
1650
6883
4710
9756
-9248
-1257
-1847
9475
686
-4817
4273
-8119
2557
-6569
6249
5283
-3264
9995
-4683
-9442
-5217
-7129
-3013
-6861
3768
-463
1111
-1641
8523
577
4958
-6595
5138
-5510
-2310
-4457
-7918
8030
-1194
1333
-1041
-9844
2032
5472
1461
-5905
-6308
5807
5383
-9461
-7286
9166
-4534
8828
5006
-7270
-3268
4158
9267
-4320
5621
-4306
8881
5908
-2087
1261
1232
311
5154
-2159
-3242
-6638
3581
-2115
-2038
3019
8029
-5012
-3888
-8023
-7723
5610
6039
8928
-9502
5215
2371
-7926
-8508
314
1994
5063
-5578
5744
-3901
131
-169
2180
-3923
7176
-2835
8622
9112
7488
3100
-6453
1567
6674
-2729
195
-328
-5472
6245
488
-7097
9229
8648
-5588
6543
-8474
7292
4084
-4024
-5671
8278
-3619
-9250
9537
-3829
-8378
-7380
9734
-7515
-6660
-8224
-4007
6424
-6921
-7703
8232
-5497
-3607
3883
-7218
-3564
830
-1939
6751
-3718
-940
-308
-419
-2736
681
8444
1211
7104
7993
9175
-9774
-680
-7442
-7565
-6500
4409
-142
1464
7349
7194
-4817
4010
4703
-710
-9757
1640
3663
-618
-1830
-4750
6648
2771
9165
-1753
-8776
8364
3155
-4281
619
6458
7509
9599
1640
3738
8555
8922
6953
8590
-2542
-6183
-4189
2093
4057
-9454
-3852
-5372
4367
313
-3471
-5126
-4427
-7242
-644
123
-1313
-4725
3179
5096
-790
1539
-8452
1295
5223
8507
-6894
-3561
-5220
7155
-78
6891
1884
-721
-3982
-1659
5166
2738
7388
6903
2329
-4250
-4557
5267
4624
-4905
4437
-4677
-9912
3959
7132
3785
-1054
8869
-8025
7050
5105
8464
-8491
7239
-9833
-1110
6318
1239
7439
-9730
-2800
-2438
5477
-7206
-7756
1683
-4216
-5301
-8199
466
-3494
-7622
3213
9229
2155
765
-4550
-2310
-6477
2962
7584
5972
897
881
-4680
-523
-1853
9599
5395
4124
5124
-8578
-6034
-7717
-9648
2851
5785
3986
-2060
3672
1180
-4392
-5677
8862
-4087
-6299
-7074
9373
521
-9481
5844
6566
4477
6901
-4847
-3502
-3479
-401
-2390
-4920
1005
4030
-2525
6582
-4914
304
-752
9731
3400
-4511
7040
-3567
-8733
-4233
-7544
-3476
5466
6819
7078
2960
6440
-8069
-4021
4354
8456
8675
3134
-449
6317
1351
8015
-7646
-4073
8780
-8296
-6451
-1139
-4973
-8341
-7729
-4623
-1432
1001
-6263
3434
-3321
1751
5694
5474
-7693
-6018
6815
8768
1874
2526
-822
-7933
-9124
-5238
5579
-3535
-2697
7965
-1805
1258
7415
2539
-8465
-2408
6537
7005
1566
6146
-8993
-1570
-1558
5626
-879
4824
3983
-7775
7203
2979
-5111
3980
-2925
-2999
1165
4356
-2743
2944
4432
-8607
-8888
-2045
9901
2827
-2645
-2233
5462
1205
6011
-3355
-4124
8076
4536
-1645
9837
-2392
6819
-1945
-4278
7300
-9902
-3214
-5593
9910
-3187
4747
-2812
5977
273
9764
8456
-5680
7861
7198
-4737
1061
-4256
5513
-1621
4220
-621
6785
-1585
8669
-8979
6233
-3105
-2077
-851
2185
-197
6290
-655
1402
3313
6218
2987
-2369
7015
-1704
4496
-4834
-3191
3255
8480
7359
7493
3287
6355
-2710
-9188
9373
-3161
-5835
-3550
1568
7083
4800
2509
-6858
-6650
3117
-4801
-5214
-768
-554
664
6452
-8452
-3831
-944
8391
-3701
-5725
2122
-3416
-9583
-2455
163
-7885
8315
-1655
-9671
8344
-5542
-6606
-2968
5111
1185
4861
-4800
-8442
-5242
-4325
-8201
-9078
171
1688
7687
-851
3347
-2855
3192
-7173
6906
2316
4510
4761
-5062
-4283
8469
-3007
-7171
-1957
-9585
-6461
-7123
-4308
9152
460
-7644
-4262
1974
6336
-3862
8098
-882
3804
5301
9790
3303
-2399
-1125
1764
2253
-5774
7917
-36
3818
2444
2983
-8647
-3112
-258
5354
837
8796
-2951
3393
6364
-7090
-8930
1349
-3762
6464
4405
1603
4222
-1005
-7894
9464
-2019
3300
1065
4183
8352
-8182
4666
-1248
-5072
-4126
6877
3519
9093
4881
9461
-9499
4320
7088
8782
-6731
-2305
-4463
5610
-6109
9648
4085
-5789
8063
-9901
-6105
5566
8491
-49
-9179
-6558
-4691
-3402
8773
5624
8607
9138
8477
-2208
-7406
8862
-1307
3633
165
9019
-4818
-2609
-1111
-6717
-1694
-8132
-3266
-1259
3194
-5173
-2891
-9620
-1845
-9352
678
-4283
2377
-81
6235
-6582
5798
5824
3088
4480
-5601
55
7391
6913
1522
4061
-5486
-6860
8276
3241
5398
4059
2588
3016
-8105
2744
1140
-3047
-3737
-741
-793
7587
-1927
-161
-3893
3123
-1323
-2151
-6785
-1240
2980
-8467
5811
-1113
8900
5710
1896
-2093
-4237
-3575
-4871
-6773
2391
7439
4424
9556
-517
-2752
3306
-304
5199
7601
9081
-98
4217
5045
2119
7142
-9981
6946
2617
-4068
1720
8576
4517
9265
-8431
2659
-9751
-9210
-3795
-5609
8108
-8947
-5275
-3650
9799
-7691
-537
-8928
7570
-4402
-8711
-4180
-3299
6997
1456
6878
3794
262
-2659
-5133
-6710
-1271
-8403
-7473
1448
3980
-1412
-4024
-4343
9298
-2842
-9787
-5596
-4655
-4011
663
-7972
-3610
-8684
8813
4307
-9077
8281
-9245
-2933
-463
-8094
3684
-3590
3244
1975
-8371
-1131
7892
-8732
4947
7500
7793
6894
-8237
1285
-4954
6188
-902
4098
-8369
5518
2664
-2569
7659
-4980
-5757
881
-6884
-7327
2346
621
-3322
9768
-772
-6254
-7218
5205
5296
-9006
-8742
7922
666
-6494
-1990
2195
4475
-8686
-7860
-7596
-223
-174
4743
-7751
843
-4696
-6201
1445
9127
-4618
870
6160
130
-622
4200
7899
-674
9482
-7864
4320
6763
5954
-2281
-7524
-1764
4040
-7234
8060
-8118
-9817
-1624
7856
-8214
3098
-5648
-2759
1288
-9074
-6847
-7791
-4866
8259
6218
2626
-9801
-9678
8670
-4680
2731
-6492
5337
3254
82
-9144
8874
-2672
2845
450
-5757
-1588
-8984
-2124
5446
2539
-6862
5124
8250
1416
1077
1463
275
-5007
-8789
-6351
4025
3662
-2274
-9490
7980
2955
-7434
7274
-1917
4319
7674
-5146
8134
-6934
1875
-2118
416
-7298
-4656
-5778
4804
5446
9668
-6427
-8451
-6998
-1975
9372
4759
-1896
-8652
684
-1985
6049
3273
-9887
1702
-8626
9420
4191
8352
-4763
1241
-2786
-6793
-1724
8231
5491
1924
-829
-5181
2516
-4582
-5131
-6685
4559
6289
3655
6974
-7940
-549
-146
-5991
-4901
7719
6260
-3880
803
-7182
-984
5102
-1756
5553
-2345
-2588
3951
-1957
-5164
6158
9179
-6942
-9730
-8122
-5250
864
-835
-4390
4577
6598
4918
-1815
-2419
-877
1275
-8028
7442
5904
-3217
-7605
6892
-4667
7936
1064
-4999
6609
-8566
3863
2295
-9299
3043
-3344
-5411
4444
-9300
-8784
9277
-5308
-8405
-4196
4352
-7757
-2196
-5472
8930
8613
-8868
-4454
-1521
170
4905
956
3333
505
-7053
9136
-2327
6744
-5810
-5158
9828
2559
7117
-6247
-6158
-2760
-9187
-459
4532
6993
6449
-4799
6758
-3657
4689
961
8651
1366
48
-4628
6993
6541
1661
-8068
-6002
2456
6956
8420
4320
-3733
-9315
-5035
1495
7391
2117
3108
8379
-3076
-2686
9221
9742
5608
4354
-2589
-810
-9626
8672
-2173
1379
-1712
8486
685
5717
-8980
-5290
-8924
7671
-6251
-1213
-4290
-3046
2849
4740
-7353
2081
-4207
-1714
8646
-5501
8374
3952
6500
-3301
175
5977
9402
9372
4944
8636
8054
6528
7203
9123
-5915
-5146
-3874
9066
6804
711
7483
-9640
832
-2530
-5415
-2140
1276
2828
-2070
161
-9540
5087
-9190
-3562
-8343
-8611
-1715
9768
2223
8487
-9336
-3397
9302
2699
130
-7938
-2357
7904
5165
9825
8391
-1387
-2610
-1193
-4996
5905
-3450
5579
-5011
9153
-6410
-956
-5770
4262
-6837
-2712
8115
-2961
8146
9176
-1978
-203
8143
-3247
3067
-9972
3665
4709
-2416
-7427
2035
5954
974
-1917
6099
-6129
-6599
-6621
9223
-8534
9340
846
-5513
-5720
4876
9706
-2863
7540
-5412
6270
-9113
-6526
3642
-6975
7157
-5899
1239
-9753
2018
-8432
-4313
5224
-8758
-6237
-7368
-2817
6257
-4208
4256
-9606
-8009
-8335
788
-9348
1699
-4526
7100
8037
5959
-9026
2658
9880
4525
4723
1698
7912
-7359
-7715
-3226
548
-2338
1633
-1301
8006
-3026
-9957
9753
-3417
-6644
-4964
727
-4502
1794
-4180
2966
9244
9608
8112
-5232
235
-489
-2927
5726
6879
-6289
-5218
-2042
-5461
-4696
3387
1703
4358
4176
-9209
-728
8912
2616
-6767
5239
6120
7743
-7347
-3963
9410
4452
-528
-6450
3341
-6660
-8962
-4605
-2462
-133
-8564
9791
-1511
5321
8844
-589
-2511
-8193
3952
7047
3663
9459
2812
-3923
9690
4980
4968
-7914
2893
5416
-2148
8106
-6377
-3168
-3725
3166
4885
-8570
-4844
-4908
7014
-7131
-8605
9115
2886
-1207
-6816
-736
1461
-7121
2246
-3
-217
-8434
-8510
-8041
5294
-9406
-8871
-5751
-5348
-6005
9420
8454
2713
-7901
-5254
-9551
1966
-9689
217
9837
-107
-6164
5326
-3404
5995
-5720
-9649
8269
-9041
-5621
-149
5390
6829
6665
3867
4531
-7382
-8818
8351
2660
6853
9414
1929
0
-5282
8481
-2983
-8979
-2264
6523
-8069
8927
4808
4315
8262
-9121
1523
3255
-4837
-1612
-1491
-5171
1
-6717
-172
-222
7160
-7625
-7789
-6607
-7455
1396
-6768
5811
1330
-3278
-3017
-7506
3878
5266
-2867
-5803
-9275
6633
-4486
-8974
-5035
-6191
-3874
9092
-9858
-1943
8852
1609
8841
3177
2941
5673
7423
8403
-6976
1652
7469
-5888
1572
-8457
-8511
4222
-3218
-7330
-7793
703
-7357
3737
9275
-3884
-8353
5184
5582
6691
-2411
6328
-3799
-8512
2055
1750
-6525
9290
5349
-1854
-4052
2674
1931
-7891
2900
1821
7806
8848
-4170
2331
9504
2933
1457
-2539
4656
-9268
2267
-1543
6972
8820
3648
4270
-8908
-6823
6159
5764
8674
-9884
-8862
-7859
3906
454
2292
-9483
-6622
5995
-2092
-8627
-783
5355
-5537
-7551
-1529
-5406
3754
7564
-1212
-4998
-6800
-6025
-5531
-9531
-7665
5978
4395
-3596
-2414
-5103
-3662
4189
-5900
-8011
7097
2159
2517
5522
-4667
4871
8231
-4949
5748
-5754
1063
722
9945
7073
513
5044
-6494
9168
5215
-4689
6104
5134
-1155
1596
7902
-9737
-9770
-466
-553
3784
-8959
-771
-1329
4493
-6679
-1793
9083
6113
-9233
-5295
-8056
-1442
1722
3516
-501
-3907
6620
432
6577
-7813
-8480
-1827
-4085
9891
8008
-424
7128
-4868
8717
-4589
989
3336
7220
-5843
-1261
-9878
5228
-1807
-8748
9926
-865
4944
-8388
-5398
165
5326
1792
-7387
3257
-6229
-7605
7079
-8250
-2537
-3869
-2821
-6785
8815
-967
9194
-7339
-512
-2470
-1787
9323
2915
-9256
-3835
7183
-9708
7872
2793
-9952
-8506
2647
2028
2264
-2032
-3896
-4115
3299
-170
8512
2228
2346
-8458
8337
-9303
8965
-9312
3067
-7851
-5038
-6799
5724
-8887
-4651
4796
-9235
-7854
4
7629
-9824
-5839
2910
-639
8558
-1801
923
-6778
4411
5999
5329
8836
-3151
-6439
-9130
6687
-3118
471
1635
-2112
4427
1608
5143
-6982
-6169
4921
-6640
4045
8168
3579
-2851
-8467
-8592
2608
-2339
1722
1139
-1713
-6005
-3782
5688
-8789
-7520
7301
2047
-5521
2652
7305
3626
-1459
-4176
-3021
8107
3507
7726
-2059
8903
4424
-1494
2451
7175
5899
-6871
-9026
8773
-646
-9402
6401
691
4390
2330
-6523
2542
1419
7749
7841
1372
569
1100
-2953
-650
-5138
-3860
9617
-8545
5759
9721
-9509
-905
-14
-355
-7235
-7350
-2325
3579
-2033
4070
-5766
-789
-3647
-7893
656
6103
-7065
-5242
-1441
1502
9031
-4670
457
-6949
6829
-3544
-4189
-2378
6820
6430
-3657
637
-8975
8325
-7240
-6134
-3417
9512
-3630
-6968
-2756
2238
5858
6297
5075
-6177
-4424
5090
-6361
7823
8799
-6261
5826
-9021
-5656
-8971
2942
7484
-4249
-8418
-8297
1710
3752
7039
4993
8274
6744
-841
-1853
-4678
-4221
4093
-9654
-6068
8270
4606
7875
-3229
-8324
984
-8145
-5115
-5642
-6237
903
573
-4568
-8586
-5540
4439
-5717
7743
-8974
8394
6257
1916
-4768
-5055
-4087
-8441
-9151
-1515
-1444
-504
-6711
4823
-2545
-7639
-741
6166
-2090
7781
9893
-8061
-2698
3763
3366
-425
127
7544
-5438
-1549
-2888
5828
3703
4023
9365
-6031
9310
9885
-7185
-9134
4647
-4560
269
6908
-7273
2433
8653
25
9804
4058
862
-7512
8502
5523
-7346
-50
-2913
5164
-3580
8042
-3038
-5157
6079
804
575
7632
4517
-9280
5883
5262
-9345
-2381
7814
7863
-5543
-455
-2556
-2348
-9430
-1349
4137
-395
7307
9222
-6740
5791
1830
-6795
-8859
-4834
5771
283
4758
-375
9068
-1707
-8627
-2764
7341
867
-8368
7833
733
9495
3449
-9520
4550
-9336
-2846
1820
2557
-8503
9443
-8625
-9177
-3992
-9141
4774
-489
5305
-715
-6734
2942
9810
6808
7286
7356
-423
-2898
7825
-8858
-8741
-2827
-6666
2602
-6681
-4320
-4125
2734
3201
3373
2750
-1629
6443
2002
2680
534
-2903
-6903
-4227
2857
8401
-6289
-2703
-9192
1449
-9799
598
7877
-9939
-5210
5003
-1541
-1728
1493
-5425
-740
343
-5615
-4172
3717
5598
9688
4677
-2663
8833
6439
-3695
-9211
6566
-713
-6576
1397
-7657
-5049
-9375
3008
3468
3610
-9455
-88
1103
6996
-2669
-1513
-4754
-9038
5986
233
-7272
