5196
-2074
-1943
3612
4303
-9995
2257
9386
-7653
-235
436
9738
983
-4140
-4607
7587
-9689
-4856
841
1868
-2005
716
-6879
-610
-7945
-3495
9371
-7560
-1988
-6742
7280
-7499
1340
1885
-4842
-4277
4918
6834
-6211
8670
1710
-7607
2930
-1607
7881
-1351
6538
8913
-2082
6513
5944
-6632
-6698
7155
7164
-8711
4478
4015
-3095
3067
8172
7663
-424
-4791
-2047
3683
-9818
2396
-1792
-1355
-5597
8768
8337
-4376
-8764
1400
-2984
-4173
5698
-7506
1619
-2029
2553
2583
-9167
5446
-6785
-1967
-4966
-1350
-9486
-6028
7261
6102
6490
-1030
7738
-13
9674
4485
-7639
-6452
-5679
2138
-7942
-7923
-3211
99
2127
3834
2211
2927
3369
8498
6113
1128
-2512
4977
6979
2253
3726
1472
-1010
-9760
-7631
-7813
8096
3401
-9079
3411
1125
8311
1198
5181
8925
-559
548
-4366
-943
4916
4716
2731
7005
1699
5375
3186
6104
-5988
5810
3735
2105
9652
-3699
-3984
3672
-8726
-7889
8616
8867
8109
-9827
-4242
6492
187
-1288
-8540
8852
-4025
-1056
-1375
3160
-8172
-8261
-4233
2891
-7188
8139
1616
8184
-8691
7037
-932
6886
9184
6200
-9667
-8981
8908
-6402
-5324
-6528
-7292
-487
4596
-4695
1266
-8123
5605
-9050
3536
-13
-6431
-5177
-4975
7649
544
7084
8289
-8700
8932
8592
-3503
-628
8752
1676
5999
-6766
-9880
4881
1073
5275
6927
3908
7123
-7629
-1948
-3414
7867
-5798
-2944
-3094
-2243
1793
385
-2014
1755
1041
5477
7997
-391
1827
-4269
2300
-9013
-8496
-4300
-9579
8363
-7523
5821
7743
370
-3913
5663
-6536
-3048
-483
8804
-6688
-1910
9958
-6078
-6746
-5321
5710
-7826
-7059
5542
6892
6677
6471
-2304
8883
2649
-6978
8607
-8215
4573
-5966
-3515
2745
7846
-2084
7873
-5240
-8627
-9337
-2005
-8519
-7808
3581
-5381
-9018
-145
-2897
7286
-5324
-1982
-5148
8292
-8590
8991
-5761
8515
-1490
-8468
-8156
-6874
-2849
-3004
-6123
-6456
5552
-4535
2541
-5500
2616
2987
-9964
2192
9089
-7633
-5625
9277
4304
5035
-2383
-2343
-2715
7517
357
-369
7673
-3464
471
-3178
-5803
-2072
6655
7447
-6912
851
3516
3621
-6766
-6439
-101
-421
1662
6090
-697
4433
2001
5926
5592
1165
5126
-1359
3734
-9001
-9550
-9492
813
8064
-7952
-131
1621
5419
4440
-6958
-9757
-6398
-8599
-6439
-9544
-4659
2093
2398
6563
1633
7911
-9637
-4126
-520
-2525
-8689
6254
590
1908
3580
3792
7489
-1973
6360
-2184
9605
-4437
2058
3835
7455
-6570
9725
7939
-4627
-6157
-9717
-957
9967
-9324
-4328
3750
5200
7375
8195
7328
2839
-732
9845
8941
-3470
-7422
6837
-5586
-9862
-1186
-3808
-5838
2535
2212
-7046
-3425
-6772
6032
9928
6765
1099
7401
-7345
-8697
-6473
5694
7593
5579
-9318
-9782
7514
3435
3832
6723
8177
-63
7698
3647
1986
2579
-1003
-7171
-5180
-4191
-3719
-6636
6828
5233
4393
-4110
-3140
-8187
9000
-8788
-9779
80
-5213
5370
3266
-1165
-6890
-1834
166
-7215
-7968
8931
74
3946
1080
9517
-1467
-3540
-8290
-3743
-3615
2788
1027
-7169
-4457
-3746
-5578
7738
6388
4157
-5952
6788
-9099
-5403
-8219
5139
5065
692
9320
-5794
-1637
-2087
5659
5512
1556
-9773
-7764
5337
4635
6482
-3642
7104
8138
-616
8900
2270
4511
-5062
6632
5196
3787
8950
1552
6222
-8991
9696
8786
-9102
-4518
6552
2776
650
-6959
8226
-1476
7265
7708
-5888
6457
6518
1397
3575
-486
-1104
-2139
4919
4345
806
3265
2265
1570
-4394
-4474
-2789
2367
-7418
-1073
-9394
-5921
-3772
2705
-4349
-6368
-9778
-5546
-881
2254
-2460
2307
9387
-9173
1430
5419
6145
-5119
-3058
-1194
-7016
5501
-2370
779
4215
-9318
-7287
8359
4416
-3519
-100
-3282
-7002
3908
1125
-8305
-8285
-5738
3237
7601
-7244
-7417
-9370
5794
6991
-2770
-7865
-2980
9943
6546
2915
7770
4657
-7775
4849
3837
-9262
-9687
6206
1080
-8864
-7583
2378
-2329
7216
8429
2660
-6181
9824
3499
-9968
766
-3053
-3320
6889
8109
-2045
-9026
5806
3447
-9219
-2892
-9243
5675
6531
6426
2568
-3736
-1281
-8412
7570
-6418
3432
-5615
1851
-1541
-6974
-7358
1331
-9563
-1034
-7082
-5996
7667
7757
6996
5204
-9327
-6421
-4165
7226
-885
388
-6340
-4710
9530
397
-1163
2955
-7169
4429
5085
-1507
-1816
-5711
3380
1884
5476
8214
-5144
-5198
8557
-6787
7410
3771
9205
-7412
7187
-3318
-8625
-6909
-6852
-2274
-8505
957
6473
-5502
1834
-1578
9672
8365
5232
7476
-8971
-1662
-3136
-4685
6866
-7568
1141
9347
-1340
-4445
-1598
1166
6575
7126
-4941
6740
5778
-5367
5400
3749
4934
2578
1653
7886
-8874
9999
-573
6462
-9497
8447
6251
-5511
-2690
325
3217
9434
-8
1903
8736
-8875
8439
-8779
8930
-5217
-6380
-7065
-2736
5360
2806
2381
222
9085
-7285
-2962
-7085
759
-2384
5348
9754
-2930
3325
7622
-4737
-4305
-3612
5299
-8024
6157
-2576
-7848
6595
-8521
-1505
-4566
637
-8843
-89
1574
4685
-4110
-4884
1609
-1163
9803
34
-4816
-2803
3968
-3326
-5301
-2472
-7564
-5842
2913
975
-4318
-2497
-3458
7423
-9931
-5915
-7771
6553
7573
7431
-6185
-8193
3437
2715
-5600
6914
-6867
-8445
-8322
5075
-6383
-4304
-197
3531
5213
-9362
1052
4655
-9929
3571
6058
2531
-2243
7896
-4173
-57
6568
-449
-2925
-612
6796
4020
-6518
-5294
-4231
2488
8191
1883
1410
842
-8178
-611
-6589
3264
-2657
-6813
-2000
-4048
-3118
-6265
-6178
8376
-444
6851
5783
9283
-2733
9836
-900
8364
8947
-1138
3712
2319
3970
7496
6936
-7385
5791
1977
8962
-5191
-240
-2435
6403
2523
-9370
897
-2194
-9866
-5260
-7794
-3108
3023
-5351
9637
9702
2995
-456
-1428
-8104
-4185
-575
3621
-7909
-9073
-9836
6857
-2943
6201
-8427
-163
12
4620
4621
1171
-6452
-4446
5186
6876
-3483
-9546
-3428
2879
5937
-8186
-4097
-9556
2536
-1478
-3653
-9285
2780
2823
-9637
-7643
-9026
2815
4213
-6107
1570
5638
6522
9877
-853
5436
8260
-6317
-8006
8527
3701
2268
-5267
4857
-5002
-7069
-6646
7175
-89
7018
5628
-4500
-5787
7537
-4656
8097
9956
-1435
-8985
-4523
3678
-3417
5294
-7321
-3486
9186
2542
518
8073
4043
983
557
8148
8429
-4331
9844
-2712
-6866
5447
-2867
4566
3547
-2960
2364
1686
-1762
-8089
-9246
-6478
-4128
1855
1032
-2429
4751
-4799
464
-9668
6941
-1238
-2376
1402
1628
9054
-528
6151
-581
7927
2325
9035
-8275
-4396
3309
6750
109
-9903
5844
-3875
8277
3177
-395
-4421
-546
7689
-596
1809
4449
4462
884
3305
2700
-3217
-3103
-5985
2314
6005
1374
6471
3367
-3309
-692
7459
-1882
974
-8819
8356
-6205
9283
-9405
-321
4368
-2152
4604
8460
9422
-3203
-1981
-3408
-2598
2984
6593
7104
3690
-6380
6994
8193
1946
-1745
-3494
2640
-6428
5885
-8800
-2306
356
7684
-5539
-3115
482
-6136
-9278
5892
-566
-1274
-9601
-7982
-3719
-3819
9353
3201
-2660
-1050
-8878
7273
6076
-2563
5009
-6529
8252
5205
-5895
892
3238
4817
-7074
36
-9982
8881
1740
6878
1601
4156
9044
-6356
1329
8426
-809
-3909
-2041
-4251
4854
-8080
9881
8328
-9804
-5035
245
6291
-913
5588
-9706
-1095
7576
-1584
-838
3041
-2304
-2480
2795
-9288
-3145
-9641
-6562
447
-9545
-4862
4071
3403
-4790
7090
7770
549
3754
3996
-4688
-8112
9784
5515
4761
6555
-6188
2367
-7442
9634
8305
-2684
6135
-2864
-3431
6002
-8371
6076
6652
3917
-8405
-2734
8137
8699
4246
-922
3225
413
9578
-7359
3048
3491
7184
-7581
-7314
2705
1574
-4991
-316
-1610
-2740
-6787
-6062
3585
3104
-8317
-9656
-5802
-960
7217
1255
-8055
9366
3054
-4991
-3052
6133
1320
3265
-6146
-4532
-2224
-5728
5407
3544
-3139
954
-5774
-3559
-3726
6308
-9762
-2857
-6210
6074
-2701
1680
4549
3850
8355
3432
-3190
1221
-1143
3779
-4435
-3009
-3040
8457
9880
-7812
938
-8930
5040
8388
6151
-9189
4713
2870
9987
3242
-4165
-7135
6496
6546
-2181
-2161
1063
-525
-5901
-8853
9852
1662
9727
-7207
-6756
1365
2070
3057
3950
8369
-5076
5457
-2462
7260
581
-8228
6698
-9224
-1456
-1423
-9373
8491
-319
-3566
3018
-6288
-6571
8891
8730
2608
-9237
1160
-3408
4598
2000
8528
2506
-6892
3649
5696
2121
-2928
-4095
-9922
9488
9788
3558
2567
-8124
5759
8169
-1902
1839
-2755
-2671
1357
-4388
8215
-5956
-7987
-2365
1701
1114
2622
-4108
-4617
7960
-1473
9763
9466
6284
-4309
6336
7035
7396
3047
-7484
788
-1507
8932
-5700
-8271
8649
9906
1648
-5742
-4890
-7121
6737
4034
6785
1879
5008
-3344
6636
-1325
4543
7742
5862
7709
6518
-9541
2901
155
34
-9404
-7097
-9711
-3916
-2992
5182
502
-8281
-9249
-167
6577
6058
-4330
5501
559
9874
-3918
9382
9622
-7734
-3170
5987
460
4805
-1821
-1957
-6265
-2047
-4954
8268
-2467
-7376
2233
980
-2341
-8164
6633
-6736
-9745
4245
427
8547
8783
5213
9580
4104
2559
-663
459
-7031
-479
-1771
1569
-9259
2292
7333
-4160
-8852
-4479
3554
-3087
-696
2313
-2921
1685
-2816
3904
-2100
2630
-4228
-5540
6342
-2474
7649
-2731
8166
3872
-4658
7420
3206
1932
-557
3842
-8765
-8646
-597
-9319
-1579
-4951
-8687
-7153
7072
-6304
6031
2468
-1790
7207
-5937
759
-362
-2849
335
8482
2201
9247
6717
8179
-2836
-6429
-7588
7344
-2140
-9885
5089
5289
-3322
-7331
-8143
9498
-6270
5479
-4871
970
-8904
-5611
-1527
-4495
-6194
5335
-3294
5712
-1284
2815
5501
7093
3559
-7418
-9157
-8027
-9426
9747
15
-1582
5735
-667
-7059
1298
-9592
-9841
-5370
9001
-3962
8210
-7600
8986
-4454
-2622
6083
6521
3740
7377
-6286
8734
-2595
-1428
-3845
2142
-4071
-9130
9387
1661
8654
3879
-5330
769
2003
2304
1420
6501
8955
5103
2437
2984
-310
5114
-1390
9799
9764
-2380
3493
2231
1994
4457
2084
161
5755
-9962
5285
-6169
-9850
-6482
3616
-9889
-564
-1853
9479
-6152
748
-3743
7564
-7030
-6274
-5744
-6243
5651
7262
1226
848
-9096
8351
-3130
-4402
9247
9799
6527
9729
4472
6719
5620
-8364
-497
-9009
3424
1068
-2007
-3283
-6374
7861
-294
3908
8432
-472
-9427
7088
8681
-1962
6712
802
-8235
-5656
-1959
8249
-7480
9816
6230
-2526
9894
-974
-8685
9561
3487
1015
-5321
-8915
8883
-1248
1419
4759
8183
-5608
-2795
6593
3565
2541
-7458
2313
-9152
5892
-1904
5049
2742
-141
8384
-2511
8643
-1803
-1227
-8273
4792
-835
7336
-6484
5107
-9892
-3088
-2270
-3054
46
1701
-1733
-8667
7353
6411
4055
-5436
5742
-5255
-4966
-3207
-8319
-6429
4442
6055
7702
1890
-389
-4192
7097
-5065
6581
-4011
-4420
-2924
-4758
-3583
-7018
-9051
349
4963
4972
8990
1526
4738
4593
2440
-7807
9618
-4985
7215
-8319
7261
-5873
-2747
737
7484
-4154
-2426
238
5261
2688
950
6109
-5398
5294
6515
-5016
-9437
3645
-1929
-6001
-7413
9695
-5370
6357
-1600
-6081
2471
9303
1983
500
7180
4747
7299
6321
2539
-7078
2354
7603
130
-9271
7425
-8199
-8924
-953
-7883
-4768
1204
-4683
-6188
7643
9054
-9299
160
-1074
7865
8900
-9115
-6718
-2146
7110
8477
3408
-7934
788
-8896
8498
-5294
3209
-6223
5135
-2235
-2858
5822
2764
-6221
-1468
7761
-9464
6202
9565
8426
3342
7400
8693
7397
1689
-2107
-5496
-7374
-414
5737
5494
8884
9869
-3566
7196
8111
-3507
3064
-1252
4024
-1747
-9086
-4516
-7187
7998
323
-221
4384
9134
-8576
-8507
-6020
7919
8940
2022
-9384
3658
-5271
-5424
-4170
-1440
8033
5463
-6894
-9052
5994
-253
8636
-4128
-5198
-8655
-1979
3480
3018
-3161
-4701
-7760
5898
-7094
-4989
8406
-2039
5351
4179
-4847
-188
-1581
-5652
4826
-1750
-5586
-6255
5113
1596
2592
5240
-7057
-3725
7328
2451
-1376
-779
-1302
9336
-2194
-5194
3285
-3746
-7408
-3313
-9195
5839
2380
-4832
515
3881
1674
4982
9140
-5783
3649
-3375
-2432
-8900
-2212
3170
8238
-7924
-6437
422
8253
5145
-1088
9853
-9040
-3334
903
5766
4793
-8566
71
9641
-1323
-7349
-6184
-9791
7200
3251
6276
-9759
-3026
7654
5438
4174
7851
-7377
600
-7477
-7219
7785
-3518
4637
7337
-1944
-107
5864
-9592
5138
501
2504
1392
-1862
-3112
-7747
6346
9092
-8699
4301
-1355
-2319
-6559
9753
-9751
6352
4546
-8909
-7241
7250
-1291
8131
-7203
-8513
3335
-1569
5193
-4624
-854
848
-6259
-4109
4915
8492
3517
-6894
3141
9665
62
8
7944
-4468
6037
-6474
-5388
7844
-5266
5754
-5858
-6418
5321
3600
5436
2315
2154
-3588
780
-2426
-6242
-1376
8866
4883
-8030
-2187
-9758
3687
7669
5310
-4564
-9984
2602
-3255
-8318
2633
5299
5462
4298
7434
-2451
-9657
-8224
8881
7763
-895
8572
3527
-9190
1825
-6406
8260
-4751
4634
657
8347
6257
6244
4184
8260
-6576
2462
3012
-1718
-6672
-4513
1974
5709
-5619
-8194
8297
-6375
-5634
635
339
2561
3389
2839
1110
9436
2047
3821
-1450
-4141
5006
-1332
-4935
9618
-2219
-9537
-9285
-9170
-5035
-3702
3836
-1278
4380
555
7471
-6496
-8809
8485
4776
-3319
9467
9958
1531
-6133
-2174
2380
6658
-3974
-6259
-6547
-6026
6738
4617
-584
6739
-2377
1643
7534
4256
9470
7612
-3940
-1915
-9647
1165
6311
-1883
3358
9825
-88
-3239
-6589
-4135
-1172
-4430
9539
-1206
-4416
-9864
-1157
-7954
1859
-3639
-2028
-5757
6319
-1626
8318
-9586
9675
-429
952
-1056
-47
5566
-9063
9493
-2018
4981
4653
-3427
7808
3368
1132
-4626
4170
85
-5440
-560
4590
184
2996
-2924
-5842
-3776
3190
-4975
-5172
-5180
-8086
3743
3453
-6078
-71
-3121
-4908
5831
7992
8968
1370
2793
9000
8207
-990
4725
9150
-6745
9374
-988
2820
349
4185
2612
325
4116
4435
4799
1893
8761
6407
-5178
2913
-9172
-6451
8462
-2366
4665
9285
-106
4121
4852
9844
-8285
9387
9179
-3238
6127
705
4904
3628
-3260
7258
-923
-1384
3163
-7593
-5954
-2534
-2956
-8733
5760
467
-1768
-4509
6226
-4201
4223
5985
2888
9130
6033
-4917
-6002
-2591
-7192
-1701
-5309
-4736
-46
9651
-229
-5933
9985
7818
-4574
-1989
8398
5162
-2442
-1122
-953
2747
4561
-7992
7311
9943
-5610
570
-9565
9512
5397
3375
9415
7330
5041
-6426
5783
5400
1555
-1902
2352
8988
2108
-4496
9390
-9474
8948
3449
-7608
7848
5922
2817
2486
-2134
-2026
-680
558
-6713
8650
8702
4545
-8309
-7703
7681
-8932
2770
1930
5408
-202
-7394
-184
-9974
5359
-693
-1165
9025
8400
-5764
2361
-4099
-3941
8173
3334
-9660
7464
3923
9801
645
-6863
377
-1134
7781
645
9937
-6202
-2829
-968
9592
9111
6049
3759
-9102
-8154
-6838
7880
-7229
7623
-7702
-8235
6698
-4644
-8539
712
6158
9382
-9727
6617
-6948
3550
-751
5868
3707
6935
8704
-9671
-2539
2069
-2568
-4263
-5541
9965
-3366
5968
-9882
-2161
-6953
-6167
-6612
-2333
1540
-2022
-1317
8203
261
7689
-3888
7679
-7855
-4629
3398
6157
9778
-3610
-8466
7710
9956
-4099
307
-3995
4652
-6875
8976
102
4622
543
9278
-8825
8420
9320
-9053
-1454
7116
-2727
-9646
-4319
7858
2627
4001
9196
-1095
-8968
8597
9352
517
-1865
-4153
-9292
4106
-7132
-291
4320
9337
-4028
5065
5123
2766
384
-1025
-9876
-5322
3667
-7429
210
-770
8531
1232
6458
698
-7010
4717
6830
1961
-1161
-9519
-9773
-3755
322
9059
-660
3036
7252
8420
-9279
-8695
-5083
-1684
-266
484
-1979
9410
6764
-1124
7526
-6819
-9230
-5415
-9447
-6436
5884
-6504
7061
7907
-7298
4388
-6287
5322
8674
-7797
8666
-270
8229
5172
6525
-5294
-6176
8483
-4115
-9357
-2090
283
-4678
-2250
9713
1558
1654
-2748
7527
-6527
2407
5709
2899
7792
-9362
-1954
-1331
-7127
-4665
9920
-6621
-931
8111
6598
745
6373
-5054
9941
-2426
8825
8115
-5357
6856
-2832
7495
3140
4
-7690
-4328
-1643
9289
-2802
8675
-6617
-6071
8806
5484
-7676
-4973
-7876
7655
-5070
6382
1530
8682
2822
-8182
3356
7555
-1753
-9750
6490
-1899
-5637
912
-3435
4843
2730
4354
9609
2828
7647
-2208
4581
8721
-8442
-1703
-5581
9932
6830
5032
5320
-8312
9749
-395
4424
-4337
2639
-4665
5416
-5588
823
63
8362
5243
4709
-337
-8911
-8741
676
4187
3528
-2110
-7249
1135
-1761
4700
9723
3126
-5624
-9008
-1633
6436
-412
3676
-6394
7653
4885
-5529
-1129
7546
3257
160
9115
1180
4646
7224
8700
4677
808
-1819
-2284
-4297
-1707
-1225
-9349
2940
5606
-1417
5700
-7331
8781
6694
1208
5282
-712
-8544
-6234
-1194
-8937
-4241
-9198
-1409
7165
-2356
-6162
-9773
686
-1362
-5541
1041
-749
-9801
-9164
-4625
-1936
-8770
-1171
-8254
1566
1114
-9227
-873
-9745
-7921
-9758
-6605
-7833
-1952
6271
-7749
-5569
-3525
6412
861
-6427
3765
-6756
2495
8738
-1493
-6303
9470
8721
-6258
5801
-7594
-9461
-8639
7461
-2741
9110
9138
1034
-4946
-3966
6704
2150
5003
5556
5261
1292
-6889
-2053
6701
7902
-8332
-4580
997
-7578
7839
975
6272
-8980
-3839
-1353
-7846
962
-5815
966
708
-3703
-4962
2639
-1192
-4060
-4218
734
-7024
2838
4610
3964
5678
-1548
4204
-5317
748
-9952
5112
3974
9834
-4913
638
9330
-7880
9933
7785
9991
8747
-6024
7967
2336
2201
-51
-2662
4088
-6174
5144
30
9607
-3083
136
2547
6437
-4839
-9392
3026
-6646
1786
1074
728
-7880
9416
-5872
-9837
-1345
-9187
-3587
-834
1953
-9651
7321
-7216
8212
30
-753
-2532
2781
-2036
-4345
3056
1654
3064
5898
-2862
297
-8017
3277
7658
5241
324
2026
-3497
7832
-6750
-5002
2860
-2767
-3960
8849
4625
4342
6487
-5249
9567
5397
1078
-9113
7475
-1064
8450
-4938
-9089
3737
-6996
-1574
-9576
96
4431
-8386
507
1479
2628
1304
9514
793
4710
7795
347
9467
-8518
8731
2010
-3555
-3354
7857
-8445
-7582
7872
-1489
-8692
8791
8502
2701
6602
-5455
2709
-3253
-2597
-7013
-1908
-7429
-2601
8413
-9762
-8806
4417
5839
6570
-898
-1844
-7910
3488
3242
-4697
-792
-715
4302
-1175
4880
-3581
-6240
-8501
-2214
-6855
-9471
-3819
9493
9971
-2602
6990
-2199
-252
2145
-543
-7979
3473
-1630
8305
-9028
2967
-5213
622
-6441
-4387
6480
4282
-3169
6656
905
334
3704
3696
-2101
-8225
83
-8830
3641
7072
-2546
2416
-1034
4184
4761
-4363
5292
-3543
4077
8366
8411
1772
-4745
3819
-4549
-1558
-8484
-9420
-745
8721
4900
-5540
2694
-7131
9270
8431
-8095
-192
-4735
-4028
9207
3288
3124
7188
6943
1919
-8137
8497
-2138
-3682
9003
-3691
9431
8271
6063
-9187
935
-2196
-5471
-7021
-2099
3919
6567
6043
8218
6953
-9029
-9778
3989
-6704
8391
7692
4166
-7496
-7286
713
-7828
-1931
5290
-3011
-7271
-4114
-6319
-5951
3872
-466
-4819
470
3265
-1308
-7031
3226
-5774
-7376
3432
-6202
-5079
-5566
6387
3212
8010
6134
5313
-5577
5270
7974
-3943
-273
-7185
-903
3788
-9197
-3494
9637
8738
-9138
5398
9099
-7545
-1618
376
-7700
-9581
-4093
-5306
-9058
7903
-674
3876
5989
-2993
-5397
386
-8351
5593
9043
242
-3544
-6140
8113
-1404
-3827
3226
6115
-5921
-3322
-1541
-7480
-2714
808
-2628
-6699
7536
-2308
-3177
3170
-2879
-9009
-3811
-2668
4949
1937
9549
5672
5164
-4036
-7590
-6858
6849
-5126
3366
9241
-9548
5897
-4596
-7248
-7606
7762
3860
5753
-1592
925
-3444
6411
9921
-8733
-8400
91
637
-10
-9557
8585
592
-6604
715
-8189
-4007
-1236
5789
-7763
-6292
1224
6685
6528
4666
4734
4842
-4334
-2627
-7283
8553
7722
9690
2937
-946
-2686
-8323
-9342
-8272
-3681
-9022
-5351
-5381
-2665
-1395
-9679
-2214
286
7391
-2765
1887
-9157
8063
-6202
6710
-121
6460
-1803
-7854
-6230
-4216
8617
-7401
7760
-8787
1283
4825
1556
-824
-1355
861
-2309
4507
-2733
7037
425
-3198
-2087
-4354
-5710
-5772
-5214
9772
-3357
2028
-4375
-1943
-2459
-3019
4566
465
1534
2023
61
-5483
9951
1302
-6790
7307
6847
-5430
-2460
7771
7182
-2951
-2597
-3104
7166
9198
2607
-3119
-5734
8035
8227
5090
5691
-4776
-9852
2471
9840
-1029
6935
-5
-5247
9117
2914
3023
3601
-4871
-3755
-6123
2808
-2886
7621
-5623
8115
3502
1799
-6552
-2545
996
-7724
-9666
-7568
-4013
-3190
6621
246
-7290
-7337
-1258
7740
-8641
2737
-7316
-2412
1328
-6275
-5676
7346
6788
9632
967
-342
4270
9885
-1111
4986
1099
-4275
-5152
4827
-2548
-7707
6779
117
2114
5163
-2775
-9508
-6281
5972
6580
3758
-2107
-8558
652
-883
4081
8279
-3653
-473
4380
3560
-8356
8911
5631
-7965
-6513
-2588
6212
-2362
-9439
8527
1375
8603
-5870
140
5465
8480
-492
-8017
4680
3080
-1746
-7806
-6875
7469
3868
-6282
-7585
1175
-3725
-4465
7382
7296
4936
9537
-2752
-1224
1579
-4221
-4520
1292
-627
-9766
6840
3142
1401
-5120
-870
9269
4163
426
3437
-3286
2416
-2739
-9322
3641
465
-7445
-3297
5017
-7184
3240
2750
8994
1091
6145
-4886
9911
-3197
4486
-1885
-9455
-5489
7053
815
2971
1303
-2423
-8821
3544
-4984
-5912
3234
8318
7121
3096
-5858
5166
-3998
-282
3810
-485
-1379
-9968
-529
-5066
-2800
-2105
9811
1798
337
-8524
-2783
6175
7871
3712
-6934
-3141
-8454
-7936
7361
-6145
3314
-7334
-3556
-6326
-1646
7987
-8215
-3224
-8927
-5195
8672
-6053
5113
1834
-5494
6705
-629
-6531
2815
5341
-7675
503
1281
-4378
-5337
7025
-7223
-526
-553
3756
8175
-4209
-4601
-141
-8781
8130
3089
9046
-5927
-6933
-3901
-1056
-9660
-8505
-2998
2814
-3569
4980
7034
-9900
-4064
1285
-6586
-9068
6682
8817
7619
9737
-8298
-1889
-3835
7808
4754
5327
707
-6597
6819
5647
7321
-6764
-3339
-9770
-7417
4829
-5011
-8294
-4219
-7082
-7611
-1270
-282
-3687
5648
-7416
2025
9350
8298
554
7957
3974
-7548
-7756
-3332
8082
9477
-8500
-7436
391
3369
-3559
-4105
-199
583
-5449
1052
4983
-4110
9573
1334
-2506
-8990
5968
9544
7657
5550
235
-1150
3308
-3319
534
-3651
9663
-1437
2322
-8604
7509
-8062
-6458
3128
-472
-358
-1128
-794
-8609
-3131
-4641
1762
-7175
2816
7792
-1335
760
-9073
-743
-7099
378
-5704
-1844
-8987
-7357
-1328
5025
6653
-9180
6781
661
1956
7173
-4229
-1369
8065
-8246
-5579
-6559
8616
8133
-1678
-4971
-2934
7118
9533
-7010
-6790
8785
5243
3856
-1776
-2802
-6933
5896
6567
1048
7033
-4031
-1646
933
-8707
-8337
-266
-8146
6863
-4141
-5462
9516
-8559
-2253
6177
7696
6645
-8914
8606
2598
799
-352
-9843
3561
-6144
1673
6324
8380
-2489
3938
-8356
9822
4604
-4960
8831
6177
1049
-763
6883
-1023
-1174
-8799
2892
203
108
-4351
-5371
-2977
1020
-8700
-6643
2232
9177
-5404
-2447
-8465
-901
-8673
2740
2823
-6211
-8487
-4978
333
6286
1063
-5304
-783
-6914
3383
4660
2986
216
743
-7961
5288
7378
-9709
-4558
5462
1714
-77
5002
2471
2650
3364
9908
-1745
-6375
2638
-2081
-1337
1526
1420
6235
-672
7728
-2322
4302
8505
7137
-7246
4393
7876
1792
4120
-2689
272
142
-7044
-8035
-5996
831
1975
-626
625
-6602
996
9424
6332
1942
-223
4930
3374
-744
-2567
-5637
-9652
-7739
9716
-1908
-8478
4435
6173
-7109
3920
5248
9134
2512
-5412
-7397
749
6803
6534
3028
-2802
-124
3619
-1329
-571
-1566
-4173
2109
2844
3641
6930
-443
-4030
-583
-2359
6486
-9628
-1458
7617
-2446
895
7823
9099
889
1490
9450
-7178
-4145
-2702
-3295
-2566
1141
2787
5004
-8563
-4450
9574
-1450
2681
3852
-3384
-5522
9103
7258
-920
3337
-3136
-539
8675
9405
1170
-2666
-6531
-1888
685
-6763
-1588
9636
1741
-1752
3139
-2835
4682
4929
8423
8935
-5448
-7451
-5015
-9706
8602
-6821
-6300
-2326
6455
-5616
3776
-8232
-4502
2879
-2786
3072
-2773
-2859
-148
-7712
9277
-2925
9590
3153
-699
1305
3146
1742
-9649
3996
6927
-5999
-1253
7130
-2582
1447
477
-6481
6240
-2250
1299
-1245
-7159
890
3890
9634
-8734
-667
1411
-5553
4738
-4131
-2730
-247
3446
-6160
-4117
9716
2014
-3601
8278
-9371
-683
-158
-3933
-9653
9858
8118
8995
8436
-8682
-9650
4943
-4415
3328
2163
1448
-6302
-5273
-597
-9776
7891
2038
5083
-7584
-8997
-262
1110
664
-4305
5135
871
-6517
-6168
-6146
-489
2000
3369
8438
-9276
2329
1516
-4706
3377
-3711
-1500
-3529
8832
-2140
-3093
3563
6058
-7612
-4867
-9487
-5165
508
-1416
8192
-8043
-429
-3264
-240
-5520
-1685
-1912
2291
8103
1774
349
-9284
7273
-1976
30
-8972
-8571
-2654
-8956
4689
-7347
6510
-2938
-7
-3233
-536
-3138
8435
-6457
4222
4319
-6096
4488
-8623
-4331
-2065
-3807
-5523
-647
-4319
1023
7995
5932
5304
9409
-2952
-7136
7447
-4291
-6877
3381
3182
-1741
-8140
-9260
6701
3752
556
-7333
1165
-9926
1529
5646
-2413
32
-5332
-7519
-8879
-8053
6141
-4354
-4681
6794
-9710
7300
3563
474
-8762
-6781
-6620
1068
-219
1901
-9830
149
1291
4188
-1512
-1489
8666
-3281
-6136
-8806
-8358
1625
-637
-9382
8918
-5882
2111
-1697
7077
7838
-8919
2666
2678
-252
7327
-2764
2474
9302
-23
339
-920
-7403
-4273
-3628
-696
1550
5302
2598
-813
9373
-2595
-5913
8251
-2330
-8107
2680
-26
7291
-7605
2196
8078
7224
-1831
-1698
-3859
-2739
2460
-7662
1286
-3016
2587
8758
5755
-3232
-6952
-2614
-1595
-4590
9167
-6238
4329
-1014
-7644
71
9567
5707
-7392
2453
3201
8193
9276
-3810
1510
7929
6262
2700
2328
5066
-520
-7158
-2156
6130
-877
1084
-8742
9824
5987
-3952
5215
-4749
6575
-5708
2588
-682
6507
4682
7461
9741
9668
-6662
6226
-3093
-8030
-9772
5049
690
2668
5088
-2169
-3155
8577
-261
5538
9746
-4490
6946
8357
30
-4015
6912
-1833
-2300
9928
-535
695
8686
-6445
3185
-2981
1120
6011
844
9685
-5977
1129
-9128
-6133
-2570
2068
5385
-6948
9973
-7259
8149
6868
-8348
6127
-5721
8707
9200
9739
2728
7795
4613
1139
-8076
-3746
7046
8594
4434
-3332
-2175
-4269
-1453
-4490
-1084
4925
-1339
-9199
3870
-2235
7337
-7882
-4131
725
5762
6825
8629
2380
5236
3533
8461
6384
3274
-1101
-227
936
6929
2131
-1829
-4387
-4078
5451
2614
9279
9706
-8675
9629
1026
6256
-6206
2260
137
9585
4592
-5957
-174
-7828
-9823
-5471
-9535
7620
-5704
7722
-3480
-7401
-2523
-1259
4940
-4678
8342
-4177
9965
4085
3536
331
-4289
-909
5237
-9313
4721
6525
-9651
9634
4252
-6869
5401
-4633
5973
6394
2012
-6910
2980
684
7154
-9964
4477
-3282
-6344
-2425
-3526
5700
9268
-2540
-4041
-7635
-1994
742
-8351
-5417
-6796
911
-9976
9695
8791
9391
3819
6715
-5027
5403
-1678
-6740
7917
7314
-3770
-674
6115
-3829
4345
-7082
1129
-7580
4895
-6990
-1879
916
-2250
-1036
8476
2482
-3935
-9734
-1967
2323
3708
-6617
3467
-246
5682
2712
4315
5643
6185
8955
3589
2149
-1966
-3121
441
-6627
-1655
3140
8316
-7549
5580
5317
-7766
3149
-6657
5855
-2733
-3675
-7926
2287
159
387
-8008
-9729
5967
7760
8174
-825
8209
8342
5120
-3034
-7351
1699
-9396
-8344
3249
3456
-4323
-7656
1473
8447
-8817
-7530
8486
-2191
7996
9757
4427
3191
-1366
-7023
-8500
-5685
2961
-4190
-5041
4866
-428
5311
-4913
8814
-2924
-5062
-5638
-1702
9977
2550
7730
7433
8927
5225
-8132
-7391
6845
23
6999
1920
7379
7908
4438
-4852
-8589
-4007
-6429
7408
4639
9823
3120
4782
6225
-7401
7519
523
-3998
-1671
-9409
-9345
144
-4042
-7054
9570
9309
-8947
-2734
-8034
-9822
9382
-5708
-3349
-6309
2794
-2380
-9718
98
-3695
-8520
-5903
3330
-6554
-5896
-4354
3743
-7088
-7491
-7884
-5140
4501
-7862
-1988
-9409
-3677
-6405
-8770
-6871
9785
7504
1169
-3696
7662
-3436
8330
5023
-9804
-8937
-2388
8352
2373
-2853
9619
3998
4296
1657
6607
1761
-6335
-6260
7319
-9683
-9120
-5961
-8694
4834
2116
-5129
-3529
4507
-7652
8703
3904
-3611
-9680
3280
1195
955
-6152
-3445
-6214
5436
3150
-1708
7861
3960
-4157
-2988
-7465
1308
-8787
-2524
-6348
-978
-6824
-5659
-1547
-8181
6396
6577
-4627
-1012
-9042
-1270
-9076
2280
-1787
-1663
2982
7428
1954
-3293
8734
9850
6595
3365
-7855
7588
-3781
698
5883
7866
4594
-2564
-7247
5529
616
1481
5709
9431
2036
835
-4338
7380
-5858
-8300
2589
5726
-9674
4052
-1492
-5712
4714
6097
6569
7040
-1673
1427
-5217
950
-8285
1952
-9349
4185
4527
5753
-5542
-4428
4377
2845
9805
-5998
-2686
6248
-4482
5634
2528
-1047
-6635
-7210
1042
-7671
1905
197
4452
-1975
2604
7965
-8282
8404
-3076
6625
8628
2891
328
6354
8159
5
3064
-1918
6003
410
-2342
1917
729
-2104
-553
-7945
-3447
4028
3361
9601
-7645
3810
7054
-8428
3641
-8150
2565
1423
-1375
1755
9661
3446
-5431
-3815
-3571
3535
-1445
5098
-4465
2714
2631
-6245
3155
4961
-2455
9487
-1614
-3814
3
-75
3347
-6464
-7683
-6559
7190
-7002
298
-363
1169
5727
-3520
-2631
4425
-5916
-7808
-2392
-8945
-4290
-5983
8637
-7495
-3698
-3186
-574
284
9298
-4119
4311
400
-6299
-7720
-5048
2966
-4767
-5292
-7461
9753
2822
-724
-2530
-7615
8085
936
7632
5830
8503
9686
2104
-8382
3103
9743
8877
865
6239
1088
8088
1452
-2924
-5485
-505
-5393
-5965
-6125
-6392
-1022
693
8645
-7076
-9115
-779
9810
1699
5679
2634
-8694
-1321
1392
-1349
-404
-5774
2583
3483
-388
-3467
-2672
5043
2179
9042
4463
8784
5837
-674
-2044
-9160
-371
6660
-5458
7807
2776
-9387
-9202
-459
-9633
2360
6726
-4362
2946
2388
-4746
-3480
1456
5674
4057
-323
9614
5457
5331
4291
612
231
-9556
2705
5498
3565
-9264
5493
-6118
-5005
-8520
-9360
-9151
2057
8531
-814
9794
2086
1826
2704
6197
-8180
-4884
-151
6626
2225
-7395
-5484
-7933
512
7913
7665
-895
3650
5087
2397
6660
7215
-1078
9128
6046
7781
-8536
-9292
6820
-5419
-507
-1538
-8381
-8191
4760
4792
4480
-748
533
-2907
-7223
-3200
4123
5350
9607
8608
-191
8501
-6350
-6187
4777
4651
-2179
-2843
-6511
-5266
9439
6633
-4117
6321
-3090
9602
8828
-7576
2772
600
-7740
-2779
-6314
5015
-4655
-8548
-9922
-7482
-4274
-9850
9149
34
-3073
4253
104
474
609
-5105
-2212
154
64
-7806
-1176
-3991
3091
5288
8814
8849
1127
-7754
-6969
-5938
1217
-2484
-507
-3807
-3752
3208
2799
5017
-3432
-7172
-7836
-2094
7412
6762
7702
-396
185
534
-7320
6530
-5528
6151
-8540
-649
8021
7221
938
3242
3248
-1480
-8625
-5767
-4323
-422
609
1145
-9394
947
3564
9366
-7289
-6116
-6768
-1719
-3238
-50
6120
8268
-489
-3575
4453
-591
1317
5659
-4815
9023
6557
7470
-4585
6638
-1950
9247
-5210
-1843
1073
753
-8244
-1908
4691
-8987
-2268
-5619
-9061
7264
-2241
2688
6798
7374
4894
2637
-2734
-7124
-4426
-3217
744
-7158
9860
4444
5293
-3295
-8233
-6483
8977
-856
-3738
-5384
-626
9055
8599
5791
252
-5860
1324
6799
-8364
-5264
247
7137
-1953
-9436
8399
6358
-5311
